12006359
2830304
20532139
1606325
478492
5704208
688780
482251
1907783
113304
4191733
496433
4190066
1847737
146332
1168041
1589828
3150426
407808
123087
2118074
118172
1183542
4787888
578719
9577052
409540
1099225
1744305
1470513
495006
3469182
5676085
24968671
465047
14631156
777431
1288722
454204
10176003
2684865
7236545
460004
203662
3453169
10849745
6564002
344431
995118
1477675
1527827
227869
4057160
218471
2127614
352323
5847000
4574771
2959983
696494
10985399
4080169
3985756
318759
345688
2808170
382858
13829658
656929
905131
267496
252489
344813
1606853
799660
1960281
854332
10705262
1947607
3753992
2219730
7460248
4392554
8100288
3009878
310063
432371
931940
443344
1482462
878783
2237344
2913535
215715
296844
196939
4728163
1979565
1152511
543331
1659575
315477
347105
5756034
6790654
1080147
2614995
2730269
260084
645731
6699164
338815
8309816
3907637
1555622
760543
532340
2419664
3747549
1438822
8534001
1467963
3825150
169937
723638
3115648
261633
7606354
1573735
1604086
757890
9451245
11603801
181636
152972
723029
11080676
140534
208376
475580
4300476
2673721
265232
363344
5173569
133685
241222
3474183
190480
156284
370120
134246
240002
1259666
8208585
741640
9062564
5473134
3092389
10360333
1974340
14611689
5369110
557296
1031267
18358388
65947
2303041
1118690
4044920
1157006
1377186
3982038
1278281
5428620
5490404
15069338
415809
550952
2270224
2108605
190174
3336989
1027456
8822637
370316
33141519
537101
27702047
1133109
2084402
3286655
382791
1150556
697079
510574
9407808
305450
4350040
313847
613216
20715992
4361987
73652
15670367
442742
19689224
5696881
1225554
15587646
1820642
1797319
1043858
472075
178692
815215
15194206
3139693
195811
1226328
8752371
8848089
568208
334697
9110441
180540
4498325
271951
2253182
1806372
111608
132219
2599853
6821317
5021790
16363817
360300
1367848
257890
562311
317230
958175
2181107
654680
13313788
5726307
11603279
142556
401385
3277602
