1.128717852859456444e-01
-8.786025693914426560e-01
7.544993703389104578e-01
1.593738509299245376e-01
8.569827941435951280e-01
2.765178145561537626e-01
1.616036736974112709e-01
9.298183462794247234e-01
9.919610863877255102e-01
8.816572059570181308e-01
1.029915855922828083e+00
7.787664443968772034e-03
-6.772094280917200226e-01
4.887214401641051253e-01
-1.136473494727500144e-01
6.463822480701838513e-01
4.656894174173948908e-01
7.497799912083450424e-01
-6.528419016377318140e-01
-5.690773717800353682e-01
-2.316783387432282404e-01
-5.682710834095341390e-01
1.281419119114440563e-01
-8.325204969743315031e-01
-9.135833241342604660e-01
-9.108193393938863736e-01
-5.506163770337734187e-01
-5.867420294388659974e-01
-6.133110326868090878e-01
6.808697294491238283e-01
5.097513798250276063e-01
1.059286849160363309e+00
2.015630330419781457e-01
-9.476261440550595716e-02
3.748339123004602036e-01
9.206562367530596314e-01
1.002103904842232968e-01
7.495659541192626341e-01
-4.777620609762908144e-01
6.824872628437258504e-01
-5.201614280878260610e-01
-1.569012063319688843e-01
-2.180318199405967272e-01
-6.130301148410557399e-01
3.688637356453280947e-01
9.357476583853658880e-01
7.394897841500370772e-01
4.497553344918384099e-01
9.203059789571381710e-01
-7.320623763851825672e-01
8.690436292141803243e-01
6.779930309229670327e-01
-9.198633193483421455e-02
-8.598227030310264668e-03
3.110366279470084261e-01
2.677211110196409671e-01
4.473783888281974708e-01
-9.942566653102543617e-01
-5.183727207623122224e-01
1.024491887518044431e+00
1.037869635027218962e+00
-5.483813149376371987e-01
-8.969824662546951322e-01
-2.627921009774982219e-01
8.821609539008327117e-01
5.522054299023022583e-01
8.973083096931364633e-01
-5.584730907400784483e-01
5.350337836172878170e-01
6.607217891340657623e-01
-6.650366892133915409e-01
1.244561016157825079e-01
-8.909614677900328239e-01
9.358778323925601716e-01
7.063108031404133902e-01
5.430135285479288365e-01
2.853690108859724961e-01
-9.478587568490037807e-01
2.328278737470818871e-01
1.147216372604265427e-01
2.116375172029492380e-01
-7.167712665349602608e-01
-9.249301804983767195e-01
5.488539993026210206e-01
-1.932463936694266415e-01
-8.458850707346522446e-01
-2.586093840233640861e-01
7.563953826432230354e-01
9.123295701672842206e-01
-4.993063452187184725e-01
-7.953794783162512205e-01
-3.766062530220796178e-01
8.695184130838135017e-01
3.552748692153842591e-02
1.057574759859885916e+00
2.248451836603225229e-01
-8.763423434982148263e-02
-8.751001842056570501e-01
-9.845812143739672839e-01
6.841048570786425476e-01
-7.645767596786179343e-01
6.308163394192034534e-02
9.130504691914800297e-01
3.061040103096505094e-01
8.013395958833325894e-01
-9.791399262458336805e-01
-5.515919499007090332e-01
-2.704720596424913803e-01
7.546908664763081198e-01
-8.092745005807737702e-01
4.448485282656030465e-02
-8.880827438926188755e-01
4.949296084624451031e-01
6.769527155860620704e-01
-9.128144064469331243e-01
-8.964110229680687381e-01
4.041026092463688157e-01
1.149506285224939639e-01
4.039584051307177834e-03
5.127154094055199618e-01
-4.341715981878124242e-01
1.862092281686797968e-01
2.041879073353099552e-02
-3.285379467959030908e-01
3.055276777715483782e-01
-2.559600306314633866e-01
-4.197806381656589703e-01
5.987961187830245224e-01
-7.943543381172541995e-01
1.053776934988804426e+00
1.783133761898218206e-01
1.554559378537049286e-01
-3.283140269359293706e-01
2.052158582300487588e-01
4.491976060380557800e-02
1.462033375015400205e-01
-9.356877161651631081e-01
-8.247470137357125752e-01
9.102449628618360933e-01
1.026582861134313962e+00
-5.973163230596131301e-01
-9.747447408745765207e-01
7.157163812116618118e-01
8.576152467850652883e-01
-5.514188389501786247e-01
-7.207485272469775772e-01
2.680612294083711267e-01
-7.093745091028416105e-01
-7.591938601529846231e-01
4.082553006717590804e-01
-9.853975605030612650e-01
-7.739555654315077859e-01
4.831726780361005891e-01
5.290849021146544207e-01
9.313304355783449395e-01
-7.190956477001193559e-01
-6.269654025668024433e-01
4.851354575894233911e-01
4.659932890635958280e-01
2.730176336564932860e-01
9.538825963605680747e-02
-2.394386548586847352e-01
9.797815045341653484e-01
6.645270457861648938e-02
6.153249177636445078e-01
-9.317982510090023762e-01
-6.948467575942439689e-01
-3.008789422380904743e-01
9.425318768936079561e-01
-6.724345646838019164e-01
1.627475589284060054e-01
8.861893381963344973e-01
5.126162222083902043e-01
4.574917787588189677e-01
7.819842776826477770e-01
-7.106431986750931795e-01
-1.916562874380704218e-01
7.534745872533483713e-01
-1.344748840049094507e-01
-6.708886636250387392e-01
4.450276657862629187e-02
3.300845806269483984e-01
-6.354322552495637044e-01
7.562689265095667857e-01
2.546356265892111281e-01
-8.420310856710860881e-01
-9.555837796307590226e-01
4.196287920484740863e-01
-6.365406748792898917e-01
2.939017104531796987e-01
7.735346267759293237e-01
-9.718890132744704147e-01
3.302352775898492743e-02
8.225236740294544768e-01
6.862268197774294975e-01
3.015216248422308842e-01
1.364432649846193668e-01
-5.928198080723320329e-01
3.132801851380061509e-01
1.038496552847782084e+00
